2 31 1 95 3 99 2
2 87 3 61 3 35 0
3 109 1 108 1 41 3
3 54 1 12 1 5 2
2 126 3 34 2 117 3
3 18 0 95 3 55 0
3 95 3 115 0 5 0
3 73 0 81 0 30 3
1 115 1 42 3 72 0
2 49 3 84 2 112 0
3 7 3 98 2 124 2
2 39 3 99 2 57 2
3 66 1 58 1 81 2
1 92 2 47 2 36 1
2 38 0 126 0 77 0
1 25 2 64 2 95 1
2 75 2 7 1 86 1
3 26 0 67 1 17 0
2 93 1 54 0 71 1
1 118 1 63 0 52 3
3 7 3 98 2 124 2
2 39 3 99 2 57 2
3 66 1 58 1 81 2
1 92 2 47 2 36 1
2 38 0 126 0 77 0
1 25 2 64 2 95 1
2 75 2 7 1 86 1
3 26 0 67 1 17 0
2 93 1 54 0 71 1
1 118 1 63 0 52 3
1 62 1 10 0 9 0
2 37 3 124 3 69 3
3 3 0 41 1 97 3
2 119 0 96 0 53 0
1 47 1 99 0 82 3
2 20 0 30 2 67 3
3 62 1 31 1 53 0
2 72 1 87 0 23 1
2 8 0 7 0 45 1
3 31 0 31 0 38 0
1 53 3 62 1 57 3
3 21 1 27 2 55 3
3 82 1 106 0 126 2
3 9 1 89 0 90 0
2 57 1 25 0 110 3
3 61 1 13 0 1 2
2 32 3 77 0 14 0
1 113 2 80 0 62 1
1 96 0 93 0 32 3
1 97 3 111 0 117 0
1 87 1 94 3 88 3
1 87 2 39 3 66 3
3 14 0 66 3 83 0
3 107 1 94 2 113 3
2 46 2 71 0 15 3
1 69 0 114 3 38 2
1 29 2 81 2 2 1
3 1 2 70 2 55 1
3 8 1 59 2 74 1
3 23 0 115 0 46 1
3 7 3 98 2 124 2
2 39 3 99 2 57 2
3 66 1 58 1 81 2
1 92 2 47 2 36 1
2 38 0 126 0 77 0
1 25 2 64 2 95 1
2 75 2 7 1 86 1
3 26 0 67 1 17 0
2 93 1 54 0 71 1
1 118 1 63 0 52 3
1 121 3 102 3 119 1
3 120 0 38 3 51 0
2 11 1 103 1 40 3
1 81 2 119 3 118 2
2 79 0 127 1 63 1
1 87 2 9 1 121 3
1 63 3 83 0 3 0
3 66 2 58 3 121 1
3 106 2 103 0 67 1
1 37 0 59 0 77 0
2 17 2 75 2 66 3
3 71 2 43 2 47 2
3 60 0 34 2 37 1
3 124 2 61 1 86 0
2 78 3 121 1 6 1
3 78 2 26 2 62 3
1 72 1 25 2 9 1
1 66 3 86 1 120 1
2 14 1 46 0 111 0
1 58 3 73 3 25 2
1 97 2 12 1 20 2
3 5 1 31 3 72 2
1 99 3 83 0 80 1
3 6 1 126 3 92 0
2 28 0 28 1 81 1
3 113 0 97 1 90 2
2 78 2 37 3 13 3
2 29 1 24 2 54 0
3 99 2 6 2 80 2
1 65 0 113 0 11 1
3 24 2 71 3 109 0
1 40 1 28 0 100 3
2 118 0 71 2 50 2
3 64 1 44 0 36 1
1 54 2 50 0 99 3
1 7 2 3 0 113 3
3 52 1 65 3 73 2
3 5 1 30 0 122 1
3 87 0 46 0 57 2
1 70 1 71 2 58 0
3 7 3 98 2 124 2
2 39 3 99 2 57 2
3 66 1 58 1 81 2
1 92 2 47 2 36 1
2 38 0 126 0 77 0
1 25 2 64 2 95 1
2 75 2 7 1 86 1
3 26 0 67 1 17 0
2 93 1 54 0 71 1
1 118 1 63 0 52 3
3 7 3 98 2 124 2
2 39 3 99 2 57 2
3 66 1 58 1 81 2
1 92 2 47 2 36 1
2 38 0 126 0 77 0
1 25 2 64 2 95 1
2 75 2 7 1 86 1
3 26 0 67 1 17 0
2 93 1 54 0 71 1
1 118 1 63 0 52 3
3 7 3 98 2 124 2
2 39 3 99 2 57 2
3 66 1 58 1 81 2
1 92 2 47 2 36 1
2 38 0 126 0 77 0
1 25 2 64 2 95 1
2 75 2 7 1 86 1
3 26 0 67 1 17 0
2 93 1 54 0 71 1
1 118 1 63 0 52 3
3 7 3 98 2 124 2
2 39 3 99 2 57 2
3 66 1 58 1 81 2
1 92 2 47 2 36 1
2 38 0 126 0 77 0
1 25 2 64 2 95 1
2 75 2 7 1 86 1
3 26 0 67 1 17 0
2 93 1 54 0 71 1
1 118 1 63 0 52 3
3 7 3 98 2 124 2
2 39 3 99 2 57 2
3 66 1 58 1 81 2
1 92 2 47 2 36 1
2 38 0 126 0 77 0
1 25 2 64 2 95 1
2 75 2 7 1 86 1
3 26 0 67 1 17 0
2 93 1 54 0 71 1
1 118 1 63 0 52 3
3 86 3 10 0 11 1
3 119 0 72 3 121 1
3 66 1 53 3 45 1
1 85 3 125 2 47 0
2 119 3 91 2 5 3
2 21 1 51 2 115 2
3 102 3 16 1 12 3
2 29 3 1 2 120 1
2 35 3 19 3 96 3
2 120 0 114 3 53 3
1 48 2 12 1 91 0
3 21 1 55 0 44 0
3 71 0 75 0 56 3
1 83 3 86 3 38 3
2 118 1 38 0 9 3
2 112 2 25 3 51 2
1 99 0 89 3 59 1
1 109 0 55 2 43 1
3 97 0 108 3 91 3
3 83 3 65 2 122 2
3 7 3 7 2 84 2
3 59 3 18 0 75 2
2 27 0 126 0 32 3
3 115 3 29 2 98 2
3 112 3 8 0 24 0
1 45 3 109 3 28 2
3 7 2 117 3 101 1
3 54 0 80 3 16 1
1 70 2 2 1 92 0
1 18 0 119 1 74 1
3 7 3 98 2 124 2
2 39 3 99 2 57 2
3 66 1 58 1 81 2
1 92 2 47 2 36 1
2 38 0 126 0 77 0
1 25 2 64 2 95 1
2 75 2 7 1 86 1
3 26 0 67 1 17 0
2 93 1 54 0 71 1
1 118 1 63 0 52 3
3 7 3 98 2 124 2
2 39 3 99 2 57 2
3 66 1 58 1 81 2
1 92 2 47 2 36 1
2 38 0 126 0 77 0
1 25 2 64 2 95 1
2 75 2 7 1 86 1
3 26 0 67 1 17 0
2 93 1 54 0 71 1
1 118 1 63 0 52 3
3 7 3 98 2 124 2
2 39 3 99 2 57 2
3 66 1 58 1 81 2
1 92 2 47 2 36 1
2 38 0 126 0 77 0
1 25 2 64 2 95 1
2 75 2 7 1 86 1
3 26 0 67 1 17 0
2 93 1 54 0 71 1
1 118 1 63 0 52 3
3 7 3 98 2 124 2
2 39 3 99 2 57 2
3 66 1 58 1 81 2
1 92 2 47 2 36 1
2 38 0 126 0 77 0
1 25 2 64 2 95 1
2 75 2 7 1 86 1
3 26 0 67 1 17 0
2 93 1 54 0 71 1
1 118 1 63 0 52 3
2 51 2 16 0 101 1
1 12 3 110 2 36 2
3 43 2 25 0 72 3
3 31 1 32 2 58 3
1 79 2 127 2 94 0
3 74 3 71 2 22 2
3 109 1 29 0 64 2
3 4 3 103 0 27 1
3 40 0 66 3 31 1
1 29 3 79 1 117 0
3 7 3 98 2 124 2
2 39 3 99 2 57 2
3 66 1 58 1 81 2
1 92 2 47 2 36 1
2 38 0 126 0 77 0
1 25 2 64 2 95 1
2 75 2 7 1 86 1
3 26 0 67 1 17 0
2 93 1 54 0 71 1
1 118 1 63 0 52 3
2 15 1 50 3 1 0
3 52 0 8 2 110 0
1 81 3 67 2 111 0
3 112 0 45 1 4 1
1 39 3 101 1 79 2
3 2 2 6 2 18 2
2 26 3 120 2 123 0
1 103 3 105 1 92 3
1 100 0 49 0 5 2
3 23 2 89 2 50 0
2 28 0 61 0 27 2
1 88 1 62 2 92 3
3 57 1 105 2 93 2
2 7 2 96 2 101 2
3 89 2 102 3 8 0
2 6 2 95 1 53 1
3 9 1 9 1 58 2
1 119 3 3 0 54 3
1 57 0 4 2 14 2
1 72 3 4 3 107 2
3 112 3 45 1 110 2
3 19 0 102 3 19 1
3 68 2 9 3 38 3
2 64 2 71 0 3 1
3 76 0 105 3 1 3
1 6 3 55 3 93 1
1 29 2 67 2 126 2
3 50 1 95 3 14 3
1 110 2 59 0 73 1
3 75 1 74 0 19 0
3 7 3 98 2 124 2
2 39 3 99 2 57 2
3 66 1 58 1 81 2
1 92 2 47 2 36 1
2 38 0 126 0 77 0
1 25 2 64 2 95 1
2 75 2 7 1 86 1
3 26 0 67 1 17 0
2 93 1 54 0 71 1
1 118 1 63 0 52 3
3 7 3 98 2 124 2
2 39 3 99 2 57 2
3 66 1 58 1 81 2
1 92 2 47 2 36 1
2 38 0 126 0 77 0
1 25 2 64 2 95 1
2 75 2 7 1 86 1
3 26 0 67 1 17 0
2 93 1 54 0 71 1
1 118 1 63 0 52 3
3 7 3 98 2 124 2
2 39 3 99 2 57 2
3 66 1 58 1 81 2
1 92 2 47 2 36 1
2 38 0 126 0 77 0
1 25 2 64 2 95 1
2 75 2 7 1 86 1
3 26 0 67 1 17 0
2 93 1 54 0 71 1
1 118 1 63 0 52 3
3 7 3 98 2 124 2
2 39 3 99 2 57 2
3 66 1 58 1 81 2
1 92 2 47 2 36 1
2 38 0 126 0 77 0
1 25 2 64 2 95 1
2 75 2 7 1 86 1
3 26 0 67 1 17 0
2 93 1 54 0 71 1
1 118 1 63 0 52 3
3 7 3 98 2 124 2
2 39 3 99 2 57 2
3 66 1 58 1 81 2
1 92 2 47 2 36 1
2 38 0 126 0 77 0
1 25 2 64 2 95 1
2 75 2 7 1 86 1
3 26 0 67 1 17 0
2 93 1 54 0 71 1
1 118 1 63 0 52 3
2 96 1 116 2 68 0
3 6 1 30 2 66 0
3 53 3 71 1 61 2
1 39 0 116 0 10 0
2 109 3 18 3 120 0
3 95 2 76 1 5 2
2 35 1 89 1 98 1
2 29 3 21 1 29 1
3 15 3 53 3 64 3
2 36 2 3 2 61 0
3 7 3 98 2 124 2
2 39 3 99 2 57 2
3 66 1 58 1 81 2
1 92 2 47 2 36 1
2 38 0 126 0 77 0
1 25 2 64 2 95 1
2 75 2 7 1 86 1
3 26 0 67 1 17 0
2 93 1 54 0 71 1
1 118 1 63 0 52 3
3 7 3 98 2 124 2
2 39 3 99 2 57 2
3 66 1 58 1 81 2
1 92 2 47 2 36 1
2 38 0 126 0 77 0
1 25 2 64 2 95 1
2 75 2 7 1 86 1
3 26 0 67 1 17 0
2 93 1 54 0 71 1
1 118 1 63 0 52 3
3 7 3 98 2 124 2
2 39 3 99 2 57 2
3 66 1 58 1 81 2
1 92 2 47 2 36 1
2 38 0 126 0 77 0
1 25 2 64 2 95 1
2 75 2 7 1 86 1
3 26 0 67 1 17 0
2 93 1 54 0 71 1
1 118 1 63 0 52 3
1 2 3 67 1 47 2
1 17 1 17 1 22 1
2 6 2 21 1 106 2
3 9 0 69 0 50 1
2 22 1 2 1 87 2
3 72 1 56 0 60 0
3 53 3 107 2 104 0
1 52 2 14 2 70 2
2 126 3 121 3 32 0
3 14 1 124 2 117 1
3 7 3 98 2 124 2
2 39 3 99 2 57 2
3 66 1 58 1 81 2
1 92 2 47 2 36 1
2 38 0 126 0 77 0
1 25 2 64 2 95 1
2 75 2 7 1 86 1
3 26 0 67 1 17 0
2 93 1 54 0 71 1
1 118 1 63 0 52 3
3 7 3 98 2 124 2
2 39 3 99 2 57 2
3 66 1 58 1 81 2
1 92 2 47 2 36 1
2 38 0 126 0 77 0
1 25 2 64 2 95 1
2 75 2 7 1 86 1
3 26 0 67 1 17 0
2 93 1 54 0 71 1
1 118 1 63 0 52 3
3 7 3 98 2 124 2
2 39 3 99 2 57 2
3 66 1 58 1 81 2
1 92 2 47 2 36 1
2 38 0 126 0 77 0
1 25 2 64 2 95 1
2 75 2 7 1 86 1
3 26 0 67 1 17 0
2 93 1 54 0 71 1
1 118 1 63 0 52 3
3 54 1 38 1 84 1
2 79 2 36 0 14 2
2 10 2 78 1 101 0
1 6 2 113 3 107 1
1 12 3 127 0 20 0
2 70 3 55 1 64 0
3 43 3 1 1 62 0
1 0 2 102 0 87 0
3 8 2 10 2 93 1
3 103 2 3 0 82 1
2 104 2 63 3 86 0
2 59 3 8 1 65 1
2 40 1 18 3 96 3
3 18 3 114 0 97 0
3 52 1 52 3 38 1
2 68 1 55 1 121 2
3 114 1 111 0 39 2
2 89 0 58 0 8 0
2 14 0 60 2 71 0
3 13 1 119 3 35 0
3 7 3 98 2 124 2
2 39 3 99 2 57 2
3 66 1 58 1 81 2
1 92 2 47 2 36 1
2 38 0 126 0 77 0
1 25 2 64 2 95 1
2 75 2 7 1 86 1
3 26 0 67 1 17 0
2 93 1 54 0 71 1
1 118 1 63 0 52 3
3 78 2 36 3 15 1
3 96 1 119 0 36 1
3 38 1 67 2 40 2
2 33 3 126 1 43 2
3 68 3 70 1 26 2
2 86 3 96 1 82 2
3 76 0 33 3 116 3
2 107 2 16 2 11 0
3 101 2 103 1 41 3
3 118 1 66 0 53 3
3 7 3 98 2 124 2
2 39 3 99 2 57 2
3 66 1 58 1 81 2
1 92 2 47 2 36 1
2 38 0 126 0 77 0
1 25 2 64 2 95 1
2 75 2 7 1 86 1
3 26 0 67 1 17 0
2 93 1 54 0 71 1
1 118 1 63 0 52 3
3 7 3 98 2 124 2
2 39 3 99 2 57 2
3 66 1 58 1 81 2
1 92 2 47 2 36 1
2 38 0 126 0 77 0
1 25 2 64 2 95 1
2 75 2 7 1 86 1
3 26 0 67 1 17 0
2 93 1 54 0 71 1
1 118 1 63 0 52 3
3 7 3 98 2 124 2
2 39 3 99 2 57 2
3 66 1 58 1 81 2
1 92 2 47 2 36 1
2 38 0 126 0 77 0
1 25 2 64 2 95 1
2 75 2 7 1 86 1
3 26 0 67 1 17 0
2 93 1 54 0 71 1
1 118 1 63 0 52 3
3 7 3 98 2 124 2
2 39 3 99 2 57 2
3 66 1 58 1 81 2
1 92 2 47 2 36 1
2 38 0 126 0 77 0
1 25 2 64 2 95 1
2 75 2 7 1 86 1
3 26 0 67 1 17 0
2 93 1 54 0 71 1
1 118 1 63 0 52 3
3 7 3 98 2 124 2
2 39 3 99 2 57 2
3 66 1 58 1 81 2
1 92 2 47 2 36 1
2 38 0 126 0 77 0
1 25 2 64 2 95 1
2 75 2 7 1 86 1
3 26 0 67 1 17 0
2 93 1 54 0 71 1
1 118 1 63 0 52 3
3 63 3 113 3 52 0
2 119 1 10 2 15 0
2 103 1 7 0 66 2
2 10 2 84 3 52 0
3 11 2 8 1 69 3
2 63 3 123 3 38 2
3 57 1 92 3 79 0
3 23 3 110 2 91 0
3 60 2 107 0 25 1
1 21 1 125 3 22 3
3 7 3 98 2 124 2
2 39 3 99 2 57 2
3 66 1 58 1 81 2
1 92 2 47 2 36 1
2 38 0 126 0 77 0
1 25 2 64 2 95 1
2 75 2 7 1 86 1
3 26 0 67 1 17 0
2 93 1 54 0 71 1
1 118 1 63 0 52 3
1 42 3 20 0 102 2
1 91 2 47 2 50 0
1 65 1 39 2 120 0
1 45 0 92 1 58 2
3 49 0 106 2 79 0
1 6 0 45 2 81 2
2 53 0 52 2 95 1
3 66 3 28 1 30 2
1 7 3 2 2 67 0
1 49 3 89 0 90 1
3 7 3 98 2 124 2
2 39 3 99 2 57 2
3 66 1 58 1 81 2
1 92 2 47 2 36 1
2 38 0 126 0 77 0
1 25 2 64 2 95 1
2 75 2 7 1 86 1
3 26 0 67 1 17 0
2 93 1 54 0 71 1
1 118 1 63 0 52 3
3 7 3 98 2 124 2
2 39 3 99 2 57 2
3 66 1 58 1 81 2
1 92 2 47 2 36 1
2 38 0 126 0 77 0
1 25 2 64 2 95 1
2 75 2 7 1 86 1
3 26 0 67 1 17 0
2 93 1 54 0 71 1
1 118 1 63 0 52 3
3 7 3 98 2 124 2
2 39 3 99 2 57 2
3 66 1 58 1 81 2
1 92 2 47 2 36 1
2 38 0 126 0 77 0
1 25 2 64 2 95 1
2 75 2 7 1 86 1
3 26 0 67 1 17 0
2 93 1 54 0 71 1
1 118 1 63 0 52 3
3 7 3 98 2 124 2
2 39 3 99 2 57 2
3 66 1 58 1 81 2
1 92 2 47 2 36 1
2 38 0 126 0 77 0
1 25 2 64 2 95 1
2 75 2 7 1 86 1
3 26 0 67 1 17 0
2 93 1 54 0 71 1
1 118 1 63 0 52 3
3 7 3 98 2 124 2
2 39 3 99 2 57 2
3 66 1 58 1 81 2
1 92 2 47 2 36 1
2 38 0 126 0 77 0
1 25 2 64 2 95 1
2 75 2 7 1 86 1
3 26 0 67 1 17 0
2 93 1 54 0 71 1
1 118 1 63 0 52 3
3 7 3 98 2 124 2
2 39 3 99 2 57 2
3 66 1 58 1 81 2
1 92 2 47 2 36 1
2 38 0 126 0 77 0
1 25 2 64 2 95 1
2 75 2 7 1 86 1
3 26 0 67 1 17 0
2 93 1 54 0 71 1
1 118 1 63 0 52 3
3 7 3 98 2 124 2
2 39 3 99 2 57 2
3 66 1 58 1 81 2
1 92 2 47 2 36 1
2 38 0 126 0 77 0
1 25 2 64 2 95 1
2 75 2 7 1 86 1
3 26 0 67 1 17 0
2 93 1 54 0 71 1
1 118 1 63 0 52 3
3 7 3 98 2 124 2
2 39 3 99 2 57 2
3 66 1 58 1 81 2
1 92 2 47 2 36 1
2 38 0 126 0 77 0
1 25 2 64 2 95 1
2 75 2 7 1 86 1
3 26 0 67 1 17 0
2 93 1 54 0 71 1
1 118 1 63 0 52 3
3 7 3 98 2 124 2
2 39 3 99 2 57 2
3 66 1 58 1 81 2
1 92 2 47 2 36 1
2 38 0 126 0 77 0
1 25 2 64 2 95 1
2 75 2 7 1 86 1
3 26 0 67 1 17 0
2 93 1 54 0 71 1
1 118 1 63 0 52 3
3 7 3 98 2 124 2
2 39 3 99 2 57 2
3 66 1 58 1 81 2
1 92 2 47 2 36 1
2 38 0 126 0 77 0
1 25 2 64 2 95 1
2 75 2 7 1 86 1
3 26 0 67 1 17 0
2 93 1 54 0 71 1
1 118 1 63 0 52 3
3 7 3 98 2 124 2
2 39 3 99 2 57 2
3 66 1 58 1 81 2
1 92 2 47 2 36 1
2 38 0 126 0 77 0
1 25 2 64 2 95 1
2 75 2 7 1 86 1
3 26 0 67 1 17 0
2 93 1 54 0 71 1
1 118 1 63 0 52 3
3 7 3 98 2 124 2
2 39 3 99 2 57 2
3 66 1 58 1 81 2
1 92 2 47 2 36 1
2 38 0 126 0 77 0
1 25 2 64 2 95 1
2 75 2 7 1 86 1
3 26 0 67 1 17 0
2 93 1 54 0 71 1
1 118 1 63 0 52 3
3 7 3 98 2 124 2
2 39 3 99 2 57 2
3 66 1 58 1 81 2
1 92 2 47 2 36 1
2 38 0 126 0 77 0
1 25 2 64 2 95 1
2 75 2 7 1 86 1
3 26 0 67 1 17 0
2 93 1 54 0 71 1
1 118 1 63 0 52 3
3 7 3 98 2 124 2
2 39 3 99 2 57 2
3 66 1 58 1 81 2
1 92 2 47 2 36 1
2 38 0 126 0 77 0
1 25 2 64 2 95 1
2 75 2 7 1 86 1
3 26 0 67 1 17 0
2 93 1 54 0 71 1
1 118 1 63 0 52 3
2 28 0 60 0 113 2
3 28 0 24 0 98 3
2 59 2 21 2 99 0
2 47 3 52 1 93 2
3 97 1 99 2 120 2
3 54 0 117 2 108 1
2 74 3 120 1 82 1
3 89 1 82 1 53 0
2 32 1 61 1 22 1
1 123 2 93 0 72 0
3 7 3 98 2 124 2
2 39 3 99 2 57 2
3 66 1 58 1 81 2
1 92 2 47 2 36 1
2 38 0 126 0 77 0
1 25 2 64 2 95 1
2 75 2 7 1 86 1
3 26 0 67 1 17 0
2 93 1 54 0 71 1
1 118 1 63 0 52 3
3 7 3 98 2 124 2
2 39 3 99 2 57 2
3 66 1 58 1 81 2
1 92 2 47 2 36 1
2 38 0 126 0 77 0
1 25 2 64 2 95 1
2 75 2 7 1 86 1
3 26 0 67 1 17 0
2 93 1 54 0 71 1
1 118 1 63 0 52 3
3 57 2 71 1 10 0
2 76 1 101 3 78 1
2 110 1 83 2 98 0
3 27 2 83 1 22 2
1 75 3 45 0 69 1
2 1 2 44 0 52 1
2 17 1 4 0 13 2
2 38 2 29 0 100 0
3 88 0 50 2 51 3
1 81 1 103 0 63 1
1 43 2 50 3 107 2
3 108 1 48 3 91 0
3 102 3 23 3 97 2
3 33 1 56 2 126 1
3 5 0 3 3 68 1
3 42 0 72 1 48 3
3 11 2 117 2 16 3
2 22 3 25 0 41 0
2 74 3 51 1 118 1
3 112 0 101 0 101 1
2 117 3 6 1 12 1
1 0 0 111 3 78 2
3 61 3 103 3 68 0
3 34 2 91 0 37 1
2 55 0 109 0 21 1
3 106 0 67 0 112 3
1 63 3 80 1 99 2
3 114 1 20 1 103 1
3 40 0 18 0 89 3
2 6 3 22 3 93 2
3 7 3 98 2 124 2
2 39 3 99 2 57 2
3 66 1 58 1 81 2
1 92 2 47 2 36 1
2 38 0 126 0 77 0
1 25 2 64 2 95 1
2 75 2 7 1 86 1
3 26 0 67 1 17 0
2 93 1 54 0 71 1
1 118 1 63 0 52 3
3 7 3 98 2 124 2
2 39 3 99 2 57 2
3 66 1 58 1 81 2
1 92 2 47 2 36 1
2 38 0 126 0 77 0
1 25 2 64 2 95 1
2 75 2 7 1 86 1
3 26 0 67 1 17 0
2 93 1 54 0 71 1
1 118 1 63 0 52 3
3 7 3 98 2 124 2
2 39 3 99 2 57 2
3 66 1 58 1 81 2
1 92 2 47 2 36 1
2 38 0 126 0 77 0
1 25 2 64 2 95 1
2 75 2 7 1 86 1
3 26 0 67 1 17 0
2 93 1 54 0 71 1
1 118 1 63 0 52 3
3 7 3 98 2 124 2
2 39 3 99 2 57 2
3 66 1 58 1 81 2
1 92 2 47 2 36 1
2 38 0 126 0 77 0
1 25 2 64 2 95 1
2 75 2 7 1 86 1
3 26 0 67 1 17 0
2 93 1 54 0 71 1
1 118 1 63 0 52 3
3 7 3 98 2 124 2
2 39 3 99 2 57 2
3 66 1 58 1 81 2
1 92 2 47 2 36 1
2 38 0 126 0 77 0
1 25 2 64 2 95 1
2 75 2 7 1 86 1
3 26 0 67 1 17 0
2 93 1 54 0 71 1
1 118 1 63 0 52 3
3 7 3 98 2 124 2
2 39 3 99 2 57 2
3 66 1 58 1 81 2
1 92 2 47 2 36 1
2 38 0 126 0 77 0
1 25 2 64 2 95 1
2 75 2 7 1 86 1
3 26 0 67 1 17 0
2 93 1 54 0 71 1
1 118 1 63 0 52 3
3 41 1 111 2 42 1
3 90 1 71 0 87 1
3 78 0 107 0 36 2
2 82 0 28 1 109 0
3 12 1 20 0 28 1
1 85 1 30 3 53 0
3 43 0 50 1 22 3
1 103 3 96 2 110 2
2 16 2 14 3 114 1
3 7 0 121 1 8 2
3 7 3 98 2 124 2
2 39 3 99 2 57 2
3 66 1 58 1 81 2
1 92 2 47 2 36 1
2 38 0 126 0 77 0
1 25 2 64 2 95 1
2 75 2 7 1 86 1
3 26 0 67 1 17 0
2 93 1 54 0 71 1
1 118 1 63 0 52 3
3 7 3 98 2 124 2
2 39 3 99 2 57 2
3 66 1 58 1 81 2
1 92 2 47 2 36 1
2 38 0 126 0 77 0
1 25 2 64 2 95 1
2 75 2 7 1 86 1
3 26 0 67 1 17 0
2 93 1 54 0 71 1
1 118 1 63 0 52 3
3 7 3 98 2 124 2
2 39 3 99 2 57 2
3 66 1 58 1 81 2
1 92 2 47 2 36 1
2 38 0 126 0 77 0
1 25 2 64 2 95 1
2 75 2 7 1 86 1
3 26 0 67 1 17 0
2 93 1 54 0 71 1
1 118 1 63 0 52 3
3 7 3 98 2 124 2
2 39 3 99 2 57 2
3 66 1 58 1 81 2
1 92 2 47 2 36 1
2 38 0 126 0 77 0
1 25 2 64 2 95 1
2 75 2 7 1 86 1
3 26 0 67 1 17 0
2 93 1 54 0 71 1
1 118 1 63 0 52 3
3 7 3 98 2 124 2
2 39 3 99 2 57 2
3 66 1 58 1 81 2
1 92 2 47 2 36 1
2 38 0 126 0 77 0
1 25 2 64 2 95 1
2 75 2 7 1 86 1
3 26 0 67 1 17 0
2 93 1 54 0 71 1
1 118 1 63 0 52 3
3 7 3 98 2 124 2
2 39 3 99 2 57 2
3 66 1 58 1 81 2
1 92 2 47 2 36 1
2 38 0 126 0 77 0
1 25 2 64 2 95 1
2 75 2 7 1 86 1
3 26 0 67 1 17 0
2 93 1 54 0 71 1
1 118 1 63 0 52 3
1 68 2 28 0 72 3
2 41 3 4 2 35 3
1 57 2 73 1 82 0
3 32 3 125 0 101 2
2 106 2 45 1 52 0
3 120 2 103 0 29 2
1 27 1 52 3 73 3
2 97 3 108 2 18 0
1 27 2 82 1 39 3
2 97 1 92 3 108 2
3 7 3 98 2 124 2
2 39 3 99 2 57 2
3 66 1 58 1 81 2
1 92 2 47 2 36 1
2 38 0 126 0 77 0
1 25 2 64 2 95 1
2 75 2 7 1 86 1
3 26 0 67 1 17 0
2 93 1 54 0 71 1
1 118 1 63 0 52 3
3 7 3 98 2 124 2
2 39 3 99 2 57 2
3 66 1 58 1 81 2
1 92 2 47 2 36 1
2 38 0 126 0 77 0
1 25 2 64 2 95 1
2 75 2 7 1 86 1
3 26 0 67 1 17 0
2 93 1 54 0 71 1
1 118 1 63 0 52 3
3 7 3 98 2 124 2
2 39 3 99 2 57 2
3 66 1 58 1 81 2
1 92 2 47 2 36 1
2 38 0 126 0 77 0
1 25 2 64 2 95 1
2 75 2 7 1 86 1
3 26 0 67 1 17 0
2 93 1 54 0 71 1
1 118 1 63 0 52 3
3 73 1 5 1 9 2
3 31 0 34 2 98 2
3 3 2 74 3 24 3
3 59 1 0 3 43 3
3 0 0 7 1 39 0
1 35 0 100 2 67 3
3 101 1 75 0 34 2
3 96 0 3 0 86 3
3 8 2 117 0 71 3
3 117 2 62 0 90 2
3 7 3 98 2 124 2
2 39 3 99 2 57 2
3 66 1 58 1 81 2
1 92 2 47 2 36 1
2 38 0 126 0 77 0
1 25 2 64 2 95 1
2 75 2 7 1 86 1
3 26 0 67 1 17 0
2 93 1 54 0 71 1
1 118 1 63 0 52 3
3 7 3 98 2 124 2
2 39 3 99 2 57 2
3 66 1 58 1 81 2
1 92 2 47 2 36 1
2 38 0 126 0 77 0
1 25 2 64 2 95 1
2 75 2 7 1 86 1
3 26 0 67 1 17 0
2 93 1 54 0 71 1
1 118 1 63 0 52 3
3 7 3 98 2 124 2
2 39 3 99 2 57 2
3 66 1 58 1 81 2
1 92 2 47 2 36 1
2 38 0 126 0 77 0
1 25 2 64 2 95 1
2 75 2 7 1 86 1
3 26 0 67 1 17 0
2 93 1 54 0 71 1
1 118 1 63 0 52 3
3 7 3 98 2 124 2
2 39 3 99 2 57 2
3 66 1 58 1 81 2
1 92 2 47 2 36 1
2 38 0 126 0 77 0
1 25 2 64 2 95 1
2 75 2 7 1 86 1
3 26 0 67 1 17 0
2 93 1 54 0 71 1
1 118 1 63 0 52 3
3 7 3 98 2 124 2
2 39 3 99 2 57 2
3 66 1 58 1 81 2
1 92 2 47 2 36 1
2 38 0 126 0 77 0
1 25 2 64 2 95 1
2 75 2 7 1 86 1
3 26 0 67 1 17 0
2 93 1 54 0 71 1
1 118 1 63 0 52 3
2 63 3 36 3 75 0
2 65 1 73 2 76 1
1 120 2 103 3 50 3
1 26 3 90 2 63 1
1 67 3 31 0 26 3
2 86 1 108 2 116 2
2 122 0 76 2 17 3
2 111 2 17 1 93 3
3 21 3 125 1 3 0
2 29 3 9 2 108 0
3 7 3 98 2 124 2
2 39 3 99 2 57 2
3 66 1 58 1 81 2
1 92 2 47 2 36 1
2 38 0 126 0 77 0
1 25 2 64 2 95 1
2 75 2 7 1 86 1
3 26 0 67 1 17 0
2 93 1 54 0 71 1
1 118 1 63 0 52 3
3 7 3 98 2 124 2
2 39 3 99 2 57 2
3 66 1 58 1 81 2
1 92 2 47 2 36 1
2 38 0 126 0 77 0
1 25 2 64 2 95 1
2 75 2 7 1 86 1
3 26 0 67 1 17 0
2 93 1 54 0 71 1
1 118 1 63 0 52 3
3 7 3 98 2 124 2
2 39 3 99 2 57 2
3 66 1 58 1 81 2
1 92 2 47 2 36 1
2 38 0 126 0 77 0
1 25 2 64 2 95 1
2 75 2 7 1 86 1
3 26 0 67 1 17 0
2 93 1 54 0 71 1
-1 118 1 63 0 52 3
